-10,08
-10,08
-10,12
-10,08
-10,08
-10,12
-10,08
-10,08
-10,12
-10,12
-10,08
-10,08
-10,12
-10,08
-10,08
-10,12
-10,12
-10,12
-10,08
-10,12
-10,12
-10,08
-10,08
-10,04
-10,16
-10,12
-10,12
-10,08
-10,08
-10,08
-10,08
-10,12
-10,08
-10,12
-10,12
-10,12
-10,16
-10,16
-10,08
-10,12
-10,28
-10,08
-10,24
-10,12
-10,12
-10,08
-10,08
-10,08
-10,08
-10,12
-10,04
-10,12
-10,04
-10,08
-10,08
-10,16
-10,12
-10,12
-10,08
-10,04
-10,00
-10,12

10,40
10,43
10,47
10,32
10,51
10,55
10,40
10,43
10,43
10,40
10,43
10,43
10,43
10,36
10,36
10,40
10,43
10,40
10,32
10,40
10,40
10,36
10,40
10,40
10,43
10,43
10,43
10,47
10,40
10,43
10,43
10,36
10,40
10,40
10,40
10,43
10,40
10,43
10,43
10,43
10,40
10,36
10,36
10,40
10,36
10,36
10,36
10,36
10,40
10,40
10,40
10,36
10,36
10,40
10,40
10,40
10,36
10,36
10,40
10,40
10,47
10,36
10,40
10,43
10,40
10,40
10,16
10,36
10,40
10,40
10,40
10,43
10,43
10,20
10,71
10,36
10,32
10,43
10,32